45993
45803
45780
38186
46916
46727
46583
46556
46494
46409
46334
46282
46060
46022
46025
46026
46024
46023
46021
46020
46019
46018
46017
46016
44516
44514
44523
44522
44521
44520
44519
44518
44517
44515
44510
44309
44439
44438
44437
44311
44280
44197
43446
42853
43134
43052
42773
42907
42892
42825
42530
42529
42528
42525
42524
42523
42522
42427
42428
42429
42430
42431
42432
42434
42433
41612
39887
39890
39880
39881
39878
39877
39871
39882
50456
50299
50294
50290
50261
50225
50224
49971
49923
49919
49915
49694
49676
49674
49619
48655
48653
48764
48646
48530
48225
50324
50322
50319
50305
50304
50303
50301
50297
50295
49679
49678
49677
49675
48858
47718
47638
47639
47645
47644
47643
47642
47641
47640
47635
47634
47626
47622
52583
51521
51823
51945
52455
52530
52133
52106
51933
51726
51199
51523
51187
52592
52199
52111
51612
51223
51457
51455
50814
51032
51033
51035
51031
50846
50817
50812
50800
50478
44278
44136
43285
42277
40052
51036
47680
47623
47042
46820
42165
45187
43491
43225
42800
42700
42424
42395
42257
41664
37373
54254
54256
54255
54252
54237
54224
54180
53915
54019
53801
53763
53501
53524
53483
53443
53358
53278
53276
53283
53282
53174
53113
52875
52930
52822
53568
53394
52828
52796
52848
52847
52795
52849
52846
52845
52844
52835
52831
52816
52815
52814
52813
52811
52806
52805
52803
52783
52802
52800
52794
52793
52792
52791
52790
52785
52784
