54254,3352,10763,39936
54254,3352,10763,9106
54254,3352,10763,39171
54254,3352,10763,40232
54254,3352,10763,35541
54254,3352,10763,39170
54254,3352,10763,39169
54254,3352,10763,39173
54254,3352,10763,30087
54254,3352,10764,29609
54254,3352,10764,37343
54254,3352,10764,27191
54254,3352,10764,7270
54256,3354,10774,27191
54256,3354,10774,30087
54256,3354,10775,39936
54256,3354,10775,29609
54256,3354,10775,37343
54256,3354,10775,9106
54256,3354,10775,40232
54256,3354,10775,35541
54256,3354,10775,39173
54256,3354,10775,7270
54256,3354,10775,39169
54255,3353,10768,35541
54255,3353,10768,30087
54255,3353,10769,39936
54255,3353,10769,29609
54255,3353,10769,37343
54255,3353,10769,9106
54255,3353,10769,40232
54255,3353,10769,27191
54255,3353,10769,39173
54255,3353,10769,7270
54255,3353,10769,39169
54252,3351,10755,7270
54252,3351,10755,38537
54252,3351,10756,27191
54252,3351,10756,12858
54252,3351,10757,37343
54252,3351,10757,9106
54252,3351,10757,40232
54252,3351,10757,35541
54252,3351,10757,39173
54252,3351,10757,39169
54252,3351,10757,39454
54252,3351,10757,30348
54252,3351,10757,29609
54252,3351,10757,30087
54237,3349,10748,38537
54237,3349,10749,35541
54237,3349,10749,39454
54237,3349,10749,39171
54237,3349,10749,39169
54237,3349,10749,36619
54237,3349,10749,30348
54237,3349,10749,12858
54237,3349,10749,35019
54237,3349,10749,39936
54237,3349,10749,7027
54237,3349,10749,35098
54237,3349,10749,27191
54237,3349,10749,39173
54237,3349,10749,39170
54237,3349,10749,26620
54237,3349,10749,29609
54237,3349,10749,30087
54237,3349,10749,40232
54237,3349,10750,7270
54237,3349,10750,41547
54224,3347,10736,38537
54224,3347,10737,39454
54224,3347,10737,36619
54224,3347,10737,30348
54224,3347,10737,12858
54224,3347,10737,39173
54224,3347,10737,35098
54224,3347,10737,27779
54224,3347,10737,35019
54224,3347,10737,28605
54224,3347,10737,39169
54224,3347,10737,26620
54224,3347,10737,40232
54224,3347,10737,39936
54224,3347,10737,37343
54224,3347,10737,27191
54224,3347,10737,29609
54224,3347,10737,39171
54224,3347,10738,41547
54180,3345,10724,40232
54180,3345,10724,39936
54180,3345,10724,39171
54180,3345,10724,37343
54180,3345,10724,9106
54180,3345,10724,35541
54180,3345,10724,30348
54180,3345,10724,28605
54180,3345,10724,7027
54180,3345,10724,41547
54180,3345,10724,26620
54180,3345,10724,35019
54180,3345,10724,12858
54180,3345,10724,35098
54180,3345,10724,31713
54180,3345,10724,39173
54180,3345,10724,36619
54180,3345,10724,38537
54180,3345,10724,27191
54180,3345,10724,29609
54180,3345,10724,43280
54180,3345,10724,30087
54180,3345,10725,39169
54180,3345,10726,27779
53915,3257,10415,7027
53915,3257,10416,30348
53915,3257,10416,27191
53915,3257,10416,39936
53915,3257,10416,26620
53915,3257,10416,29609
53915,3257,10416,39170
53915,3257,10417,30087
53915,3257,10417,38537
54019,3290,10532,9106
54019,3290,10532,12858
54019,3290,10532,29609
54019,3290,10532,31713
54019,3290,10532,27779
54019,3290,10532,39173
54019,3290,10532,7270
54019,3290,10532,35098
54019,3290,10532,38537
54019,3290,10532,27191
54019,3290,10532,30087
54019,3290,10533,26620
54019,3290,10533,39936
53801,3243,10374,39936
53801,3243,10374,35541
53801,3243,10374,36619
53801,3243,10374,27191
53801,3243,10374,37343
53801,3243,10374,7027
53801,3243,10374,39170
53801,3243,10374,39173
53801,3243,10374,39169
53801,3243,10374,30087
53801,3243,10374,26620
53801,3243,10374,40232
53801,3243,10374,28605
53801,3243,10374,33694
53801,3243,10376,27779
53801,3243,10376,38537
53763,3242,10371,43280
53763,3242,10371,39173
53763,3242,10371,41547
53763,3242,10371,30348
53763,3242,10371,35019
53763,3242,10371,35098
53763,3242,10371,30087
53763,3242,10371,29609
53763,3242,10373,38537
53763,3242,10373,27191
53501,3213,10278,38537
53501,3213,10278,33694
53501,3213,10278,39936
53501,3213,10278,30087
53501,3213,10278,41547
53501,3213,10278,37343
53501,3213,10278,37381
53501,3213,10278,26620
53501,3213,10278,27779
53501,3213,10278,39173
53501,3213,10278,35098
53501,3213,10280,29609
53524,3215,10287,35019
53524,3215,10287,41547
53524,3215,10287,37343
53524,3215,10287,30348
53524,3215,10287,39173
53524,3215,10287,26620
53524,3215,10287,35098
53524,3215,10287,29609
53524,3215,10287,30087
53524,3215,10287,39936
53524,3215,10288,38537
53524,3215,10289,7027
53483,3212,10275,37343
53483,3212,10275,7270
53483,3212,10275,35098
53483,3212,10275,36619
53483,3212,10275,30087
53483,3212,10275,33694
53483,3212,10275,39173
53483,3212,10275,7027
53483,3212,10275,35541
53483,3212,10275,41547
53483,3212,10275,37381
53483,3212,10275,27779
53483,3212,10276,38537
53483,3212,10277,28605
53483,3212,10277,39936
53483,3212,10277,29609
53483,3212,10277,26620
53443,3207,10255,39936
53443,3207,10255,30087
53443,3207,10255,40232
53443,3207,10256,29609
53358,3191,10214,37381
53358,3191,10214,37343
53358,3191,10214,30348
53358,3191,10214,35019
53358,3191,10214,7270
53358,3191,10214,27191
53358,3191,10215,38537
53358,3191,10215,30087
53358,3191,10216,28605
53358,3191,10216,39936
53358,3191,10216,26620
53358,3191,10216,29609
53278,3185,10197,37381
53278,3185,10197,27191
53278,3185,10197,39936
53278,3185,10197,35098
53278,3185,10197,33694
53278,3185,10198,38537
53278,3185,10198,28605
53278,3185,10198,30348
53278,3185,10198,7027
53278,3185,10198,29609
53278,3185,10198,26620
53278,3185,10198,30087
53276,3183,10188,27191
53276,3183,10188,30348
53276,3183,10188,39936
53276,3183,10188,29609
53276,3183,10188,26620
53276,3183,10188,35098
53276,3183,10188,27779
53276,3183,10188,33694
53276,3183,10188,37381
53276,3183,10188,30087
53283,3187,10203,38537
53283,3187,10203,27191
53283,3187,10203,39936
53283,3187,10203,29609
53283,3187,10203,26620
53283,3187,10203,35098
53283,3187,10203,28605
53283,3187,10203,27779
53283,3187,10203,33694
53283,3187,10203,37381
53283,3187,10203,30087
53282,3186,10200,38537
53282,3186,10200,27191
53282,3186,10200,39936
53282,3186,10200,29609
53282,3186,10200,26620
53282,3186,10200,35098
53282,3186,10200,28605
53282,3186,10200,27779
53282,3186,10200,33694
53282,3186,10200,37381
53282,3186,10200,30087
53174,3177,10163,26620
53174,3177,10163,33694
53174,3177,10163,37381
53174,3177,10163,35541
53174,3177,10163,35098
53174,3177,10163,37343
53174,3177,10163,36619
53174,3177,10163,30348
53174,3177,10163,39173
53174,3177,10163,35019
53174,3177,10163,27779
53174,3177,10163,7027
53174,3177,10163,31713
53174,3177,10163,28605
53174,3177,10163,27191
53174,3177,10163,30087
53174,3177,10163,29609
53174,3177,10165,41547
53174,3177,10165,38537
52875,3069,9841,36619
52875,3069,9841,30348
52875,3069,9841,35541
52875,3069,9841,39173
52875,3069,9841,37381
52875,3069,9841,30087
52875,3069,9841,35019
52875,3069,9841,31713
52875,3069,9841,33694
52875,3069,9841,38537
52875,3069,9841,27191
52875,3069,9841,37343
52875,3069,9841,7027
52875,3069,9842,39936
52875,3069,9843,9106
52930,3104,9917,43280
52930,3104,9917,37381
52930,3104,9917,9106
52930,3104,9917,7027
52930,3104,9917,39936
52930,3104,9917,38537
52930,3104,9917,37343
52930,3104,9917,33694
52930,3104,9917,39173
52930,3104,9917,40232
52930,3104,9917,27779
52930,3104,9918,30348
52930,3104,9919,35098
52930,3104,9919,28605
52930,3104,9919,30087
52930,3104,9919,41547
52930,3104,9919,27191
52828,3059,9816,39936
52828,3059,9816,31713
52828,3059,9816,40232
52828,3059,9816,38537
52828,3059,9816,35541
52828,3059,9816,39171
52828,3059,9816,28605
52828,3059,9816,41547
52828,3059,9816,35098
52828,3059,9816,9106
52828,3059,9816,30348
52828,3059,9816,7027
52828,3059,9816,27191
52828,3059,9816,43280
52828,3059,9816,7270
52828,3059,9816,33694
52828,3059,9816,37343
52828,3059,9816,29609
52828,3059,9817,27042
52828,3059,9817,39173
52828,3059,9817,39169
52828,3059,9817,30087
52828,3059,9818,36619
52828,3059,9818,27779
52828,3059,9818,26620
52828,3059,9818,12858
52796,3047,9776,35019
52796,3047,9776,35541
52796,3047,9776,7270
52796,3047,9776,28605
52796,3047,9776,41547
52796,3047,9776,27779
52796,3047,9776,39170
52796,3047,9776,39173
52796,3047,9776,35098
52796,3047,9776,37343
52796,3047,9776,39169
52796,3047,9776,12858
52796,3047,9776,9106
52796,3047,9776,30348
52796,3047,9776,26620
52796,3047,9776,30087
52796,3047,9776,27191
52796,3047,9776,7027
52796,3047,9776,39936
52796,3047,9776,29609
52796,3047,9777,27042
52796,3047,9777,38537
52796,3047,9777,33694
52848,3067,9837,27042
52848,3067,9837,35019
52848,3067,9837,35541
52848,3067,9837,36619
52848,3067,9837,28605
52848,3067,9837,41547
52848,3067,9837,27779
52848,3067,9837,39173
52848,3067,9837,35098
52848,3067,9837,37343
52848,3067,9837,12858
52848,3067,9837,40232
52848,3067,9837,39170
52848,3067,9837,27191
52848,3067,9837,43280
52848,3067,9837,30348
52848,3067,9837,39169
52848,3067,9837,26620
52848,3067,9837,30087
52848,3067,9837,7027
52848,3067,9837,39936
52848,3067,9837,7270
52848,3067,9837,33694
52848,3067,9837,29609
52848,3067,9838,38537
52848,3067,9838,9106
52847,3066,9835,27042
52847,3066,9835,35019
52847,3066,9835,36619
52847,3066,9835,41547
52847,3066,9835,39173
52847,3066,9835,39169
52847,3066,9835,37343
52847,3066,9835,12858
52847,3066,9835,40232
52847,3066,9835,39170
52847,3066,9835,27191
52847,3066,9835,43280
52847,3066,9835,9106
52847,3066,9835,26620
52847,3066,9835,30087
52847,3066,9835,7027
52847,3066,9835,7270
52847,3066,9835,33694
52847,3066,9836,38537
52847,3066,9836,35541
52847,3066,9836,27779
52847,3066,9836,35098
52847,3066,9836,30348
52847,3066,9836,39936
52847,3066,9836,29609
52795,3046,9769,35019
52795,3046,9769,38537
52795,3046,9769,35541
52795,3046,9769,28605
52795,3046,9769,41547
52795,3046,9769,35098
52795,3046,9769,33694
52795,3046,9769,36619
52795,3046,9769,39170
52795,3046,9769,9106
52795,3046,9769,30348
52795,3046,9769,7027
52795,3046,9769,39936
52795,3046,9771,27779
52795,3046,9771,39173
52795,3046,9771,12858
52795,3046,9771,26620
52795,3046,9771,30087
52795,3046,9771,27191
52795,3046,9771,29609
52849,3068,9839,27042
52849,3068,9839,35019
52849,3068,9839,35541
52849,3068,9839,36619
52849,3068,9839,28605
52849,3068,9839,41547
52849,3068,9839,35098
52849,3068,9839,12858
52849,3068,9839,40232
52849,3068,9839,37343
52849,3068,9839,39170
52849,3068,9839,27191
52849,3068,9839,43280
52849,3068,9839,9106
52849,3068,9839,30348
52849,3068,9839,26620
52849,3068,9839,39169
52849,3068,9839,7027
52849,3068,9839,30087
52849,3068,9839,39936
52849,3068,9839,7270
52849,3068,9839,33694
52849,3068,9839,29609
52849,3068,9840,38537
52849,3068,9840,27779
52849,3068,9840,39173
52849,3068,9840,39171
52846,3065,9833,27042
52846,3065,9833,35019
52846,3065,9833,35541
52846,3065,9833,36619
52846,3065,9833,41547
52846,3065,9833,35098
52846,3065,9833,37343
52846,3065,9833,12858
52846,3065,9833,40232
52846,3065,9833,39170
52846,3065,9833,43280
52846,3065,9833,9106
52846,3065,9833,30348
52846,3065,9833,7027
52846,3065,9833,26620
52846,3065,9833,30087
52846,3065,9833,39936
52846,3065,9833,7270
52846,3065,9833,33694
52846,3065,9834,38537
52846,3065,9834,39171
52846,3065,9834,28605
52846,3065,9834,27779
52846,3065,9834,39173
52846,3065,9834,39169
52846,3065,9834,27191
52846,3065,9834,29609
52845,3064,9831,27042
52845,3064,9831,35019
52845,3064,9831,35541
52845,3064,9831,36619
52845,3064,9831,39171
52845,3064,9831,28605
52845,3064,9831,41547
52845,3064,9831,27779
52845,3064,9831,39173
52845,3064,9831,39169
52845,3064,9831,35098
52845,3064,9831,37343
52845,3064,9831,12858
52845,3064,9831,40232
52845,3064,9831,39170
52845,3064,9831,9106
52845,3064,9831,30348
52845,3064,9831,26620
52845,3064,9831,30087
52845,3064,9831,7027
52845,3064,9831,39936
52845,3064,9831,33694
52845,3064,9831,7270
52845,3064,9831,29609
52845,3064,9832,38537
52845,3064,9832,27191
52844,3063,9828,31713
52844,3063,9828,27042
52844,3063,9828,35019
52844,3063,9828,43280
52844,3063,9828,38537
52844,3063,9828,35541
52844,3063,9828,36619
52844,3063,9828,28605
52844,3063,9828,41547
52844,3063,9828,27779
52844,3063,9828,39173
52844,3063,9828,35098
52844,3063,9828,27191
52844,3063,9828,37343
52844,3063,9828,12858
52844,3063,9828,40232
52844,3063,9828,39170
52844,3063,9828,39171
52844,3063,9828,37381
52844,3063,9828,9106
52844,3063,9828,39169
52844,3063,9828,26620
52844,3063,9828,30087
52844,3063,9828,7027
52844,3063,9828,39936
52844,3063,9828,7270
52844,3063,9828,33694
52844,3063,9828,29609
52844,3063,9830,30348
52831,3060,9819,31713
52831,3060,9819,40232
52831,3060,9819,27042
52831,3060,9819,35019
52831,3060,9819,38537
52831,3060,9819,35541
52831,3060,9819,36619
52831,3060,9819,28605
52831,3060,9819,41547
52831,3060,9819,27779
52831,3060,9819,39173
52831,3060,9819,39169
52831,3060,9819,35098
52831,3060,9819,12858
52831,3060,9819,9106
52831,3060,9819,30348
52831,3060,9819,26620
52831,3060,9819,37381
52831,3060,9819,7027
52831,3060,9819,30087
52831,3060,9819,39936
52831,3060,9819,43280
52831,3060,9819,7270
52831,3060,9819,33694
52831,3060,9819,27191
52831,3060,9819,37343
52831,3060,9819,29609
52816,3057,9810,35019
52816,3057,9810,38537
52816,3057,9810,35541
52816,3057,9810,27779
52816,3057,9810,39173
52816,3057,9810,35098
52816,3057,9810,37381
52816,3057,9810,36619
52816,3057,9810,37343
52816,3057,9810,9106
52816,3057,9810,30348
52816,3057,9810,33694
52816,3057,9810,26620
52816,3057,9810,30087
52816,3057,9810,39936
52816,3057,9810,43280
52816,3057,9810,7270
52816,3057,9810,27191
52816,3057,9811,41547
52816,3057,9811,39169
52816,3057,9811,40232
52816,3057,9811,39170
52816,3057,9811,7027
52816,3057,9812,28605
52816,3057,9812,12858
52816,3057,9812,29609
52815,3056,9807,27042
52815,3056,9807,35019
52815,3056,9807,38537
52815,3056,9807,35541
52815,3056,9807,28605
52815,3056,9807,41547
52815,3056,9807,27779
52815,3056,9807,39173
52815,3056,9807,35098
52815,3056,9807,37381
52815,3056,9807,37343
52815,3056,9807,39170
52815,3056,9807,39169
52815,3056,9807,30348
52815,3056,9807,30087
52815,3056,9807,7027
52815,3056,9807,27191
52815,3056,9807,29609
52815,3056,9808,7270
52815,3056,9808,33694
52815,3056,9808,12858
52815,3056,9808,40232
52815,3056,9808,9106
52815,3056,9808,26620
52815,3056,9808,39936
52815,3056,9808,43280
52815,3056,9809,36619
52814,3055,9805,35019
52814,3055,9805,38537
52814,3055,9805,35541
52814,3055,9805,7270
52814,3055,9805,28605
52814,3055,9805,41547
52814,3055,9805,27779
52814,3055,9805,27191
52814,3055,9805,39173
52814,3055,9805,35098
52814,3055,9805,36619
52814,3055,9805,12858
52814,3055,9805,37343
52814,3055,9805,39170
52814,3055,9805,9106
52814,3055,9805,30348
52814,3055,9805,26620
52814,3055,9805,7027
52814,3055,9805,30087
52814,3055,9805,39936
52814,3055,9805,33694
52814,3055,9805,43280
52814,3055,9805,29609
52814,3055,9806,39169
52814,3055,9806,37381
52813,3054,9802,27042
52813,3054,9802,38537
52813,3054,9802,9106
52813,3054,9802,7027
52813,3054,9802,30087
52813,3054,9803,35019
52813,3054,9803,35541
52813,3054,9803,28605
52813,3054,9803,41547
52813,3054,9803,27191
52813,3054,9803,33694
52813,3054,9803,39173
52813,3054,9803,35098
52813,3054,9803,39169
52813,3054,9803,36619
52813,3054,9803,12858
52813,3054,9803,37343
52813,3054,9803,39170
52813,3054,9803,30348
52813,3054,9803,26620
52813,3054,9803,39936
52813,3054,9803,43280
52813,3054,9804,27779
52813,3054,9804,29609
52811,3053,9800,27042
52811,3053,9800,35019
52811,3053,9800,38537
52811,3053,9800,35541
52811,3053,9800,7270
52811,3053,9800,28605
52811,3053,9800,27779
52811,3053,9800,39173
52811,3053,9800,35098
52811,3053,9800,39169
52811,3053,9800,36619
52811,3053,9800,12858
52811,3053,9800,37343
52811,3053,9800,39170
52811,3053,9800,9106
52811,3053,9800,30348
52811,3053,9800,26620
52811,3053,9800,37381
52811,3053,9800,30087
52811,3053,9800,7027
52811,3053,9800,39936
52811,3053,9800,27191
52811,3053,9800,33694
52811,3053,9800,43280
52811,3053,9800,29609
52806,3052,9796,27042
52806,3052,9796,35019
52806,3052,9796,38537
52806,3052,9796,35541
52806,3052,9796,27779
52806,3052,9796,27191
52806,3052,9796,33694
52806,3052,9796,39173
52806,3052,9796,35098
52806,3052,9796,12858
52806,3052,9796,37343
52806,3052,9796,39170
52806,3052,9796,9106
52806,3052,9796,26620
52806,3052,9796,37381
52806,3052,9796,7027
52806,3052,9796,39936
52806,3052,9797,7270
52806,3052,9797,39171
52806,3052,9797,36619
52806,3052,9798,39169
52806,3052,9798,30348
52806,3052,9798,30087
52806,3052,9798,29609
52805,3051,9792,27042
52805,3051,9792,38537
52805,3051,9792,35541
52805,3051,9792,7270
52805,3051,9792,27779
52805,3051,9792,39173
52805,3051,9792,35098
52805,3051,9792,33694
52805,3051,9792,39169
52805,3051,9792,12858
52805,3051,9792,40232
52805,3051,9792,30348
52805,3051,9792,26620
52805,3051,9792,37381
52805,3051,9792,7027
52805,3051,9792,39936
52805,3051,9793,35019
52805,3051,9793,39171
52805,3051,9793,27191
52805,3051,9793,9106
52805,3051,9794,36619
52805,3051,9794,39170
52805,3051,9795,30087
52803,3050,9789,38537
52803,3050,9790,35019
52803,3050,9790,35541
52803,3050,9790,39171
52803,3050,9790,41547
52803,3050,9790,27779
52803,3050,9790,27191
52803,3050,9790,39173
52803,3050,9790,12858
52803,3050,9790,40232
52803,3050,9790,39170
52803,3050,9790,9106
52803,3050,9790,30348
52803,3050,9790,26620
52803,3050,9790,30087
52803,3050,9790,7027
52803,3050,9790,39936
52803,3050,9790,43280
52803,3050,9791,7270
52803,3050,9791,28605
52803,3050,9791,35098
52803,3050,9791,37343
52803,3050,9791,39169
52803,3050,9791,33694
52803,3050,9791,29609
52802,3049,9783,38537
52802,3049,9784,35019
52802,3049,9784,28605
52802,3049,9784,41547
52802,3049,9784,27779
52802,3049,9784,39170
52802,3049,9784,39173
52802,3049,9784,35098
52802,3049,9784,37343
52802,3049,9784,12858
52802,3049,9784,9106
52802,3049,9784,39169
52802,3049,9784,30348
52802,3049,9784,26620
52802,3049,9784,30087
52802,3049,9784,7027
52802,3049,9784,39936
52802,3049,9784,33694
52802,3049,9784,43280
52802,3049,9784,29609
52802,3049,9785,7270
52802,3049,9785,36619
52802,3049,9785,35541
52802,3049,9785,27191
52800,3048,9778,35019
52800,3048,9778,38537
52800,3048,9778,35541
52800,3048,9778,7270
52800,3048,9778,28605
52800,3048,9778,41547
52800,3048,9778,27779
52800,3048,9778,27191
52800,3048,9778,39173
52800,3048,9778,35098
52800,3048,9778,37343
52800,3048,9778,39169
52800,3048,9778,12858
52800,3048,9778,39170
52800,3048,9778,9106
52800,3048,9778,30348
52800,3048,9778,26620
52800,3048,9778,37381
52800,3048,9778,30087
52800,3048,9778,7027
52800,3048,9778,39936
52800,3048,9778,33694
52800,3048,9778,29609
52794,3045,9766,38537
52794,3045,9767,27042
52794,3045,9767,35019
52794,3045,9767,27779
52794,3045,9767,39170
52794,3045,9767,39173
52794,3045,9767,35098
52794,3045,9767,37343
52794,3045,9767,36619
52794,3045,9767,12858
52794,3045,9767,9106
52794,3045,9767,35541
52794,3045,9767,39169
52794,3045,9767,30348
52794,3045,9767,26620
52794,3045,9767,30087
52794,3045,9767,7027
52794,3045,9767,39936
52794,3045,9767,33694
52794,3045,9767,43280
52794,3045,9767,27191
52794,3045,9767,29609
52793,3044,9760,38537
52793,3044,9760,12858
52793,3044,9761,35019
52793,3044,9761,35541
52793,3044,9761,28605
52793,3044,9761,41547
52793,3044,9761,39170
52793,3044,9761,39173
52793,3044,9761,35098
52793,3044,9761,36619
52793,3044,9761,39169
52793,3044,9761,30348
52793,3044,9761,30087
52793,3044,9761,7027
52793,3044,9761,39936
52793,3044,9761,43280
52793,3044,9761,29609
52793,3044,9762,7270
52793,3044,9762,27779
52793,3044,9762,37343
52793,3044,9762,9106
52793,3044,9762,33694
52793,3044,9762,27191
52792,3043,9755,35019
52792,3043,9755,38537
52792,3043,9755,35541
52792,3043,9755,28605
52792,3043,9755,27779
52792,3043,9755,39170
52792,3043,9755,39173
52792,3043,9755,35098
52792,3043,9755,36619
52792,3043,9755,12858
52792,3043,9755,9106
52792,3043,9755,39169
52792,3043,9755,30348
52792,3043,9755,30087
52792,3043,9755,7027
52792,3043,9755,39936
52792,3043,9756,7270
52792,3043,9756,41547
52792,3043,9756,37343
52792,3043,9756,33694
52792,3043,9756,27191
52792,3043,9756,29609
52791,3042,9748,35541
52791,3042,9748,12858
52791,3042,9749,35019
52791,3042,9749,38537
52791,3042,9749,28605
52791,3042,9749,41547
52791,3042,9749,27779
52791,3042,9749,39170
52791,3042,9749,39173
52791,3042,9749,35098
52791,3042,9749,36619
52791,3042,9749,9106
52791,3042,9749,39169
52791,3042,9749,30348
52791,3042,9749,26620
52791,3042,9749,30087
52791,3042,9749,7027
52791,3042,9749,39936
52791,3042,9749,33694
52791,3042,9749,43280
52791,3042,9749,27191
52791,3042,9749,29609
52791,3042,9750,27042
52791,3042,9750,7270
52791,3042,9750,37343
52790,3041,9742,35019
52790,3041,9742,35541
52790,3041,9743,38537
52790,3041,9743,28605
52790,3041,9743,41547
52790,3041,9743,27779
52790,3041,9743,39170
52790,3041,9743,39173
52790,3041,9743,37343
52790,3041,9743,36619
52790,3041,9743,12858
52790,3041,9743,39169
52790,3041,9743,9106
52790,3041,9743,26620
52790,3041,9743,30087
52790,3041,9743,7027
52790,3041,9743,39936
52790,3041,9743,33694
52790,3041,9743,43280
52790,3041,9743,27191
52790,3041,9744,7270
52790,3041,9744,35098
52790,3041,9744,30348
52790,3041,9744,29609
52785,3040,9736,38537
52785,3040,9736,35541
52785,3040,9736,7270
52785,3040,9736,27779
52785,3040,9736,39173
52785,3040,9736,35098
52785,3040,9736,12858
52785,3040,9736,40232
52785,3040,9736,39170
52785,3040,9736,9106
52785,3040,9736,39169
52785,3040,9736,30348
52785,3040,9736,26620
52785,3040,9736,37381
52785,3040,9736,30087
52785,3040,9736,39936
52785,3040,9736,43280
52785,3040,9736,33694
52785,3040,9737,28605
52785,3040,9737,7027
52785,3040,9737,29609
52785,3040,9738,35019
52785,3040,9738,36619
52785,3040,9738,27191
52784,3039,9734,31713
52784,3039,9734,40232
52784,3039,9734,27042
52784,3039,9734,35019
52784,3039,9734,38537
52784,3039,9734,28605
52784,3039,9734,41547
52784,3039,9734,39173
52784,3039,9734,35098
52784,3039,9734,36619
52784,3039,9734,39170
52784,3039,9734,9106
52784,3039,9734,39169
52784,3039,9734,30348
52784,3039,9734,37381
52784,3039,9734,7027
52784,3039,9734,39936
52784,3039,9734,12858
52784,3039,9735,7270
52784,3039,9735,27779
52784,3039,9735,37343
52784,3039,9735,35541
52784,3039,9735,26620
52784,3039,9735,30087
52784,3039,9735,33694
52784,3039,9735,43280
52784,3039,9735,27191
52784,3039,9735,29609
